22790
1262
2068
12282
476
6029
1721
2447
1621
33368
3992
1877
1020
3945
13003
1611946
1992
1031
20466
1910
1949
228622
1793
434
3083
1819
1414
4727
6133
657
1205
13454
3206
2139
420
1155
13985
2504
11634
3975
4425
2679
4462
1142
103665
18971
24884
10083
171095
19543
1290
5528
4023
3313
18343
6689
50587
4369
1789
2014
1558
5288
60803
36196
1817
3071
5535
3504
4696
1481
14352
35633
2462
2645
1413
375
1675
1147
3439
1584
32298
2572
40907
1075
535
2288
53857
1778
7768
20685
2402
10039
1151
2987
1448
1048
1412
11035
151927
8581
55624
5092
7676
48
67
8986
77
9281
739
98
51
50137
662
5622
5021
813
7309
58678
68
47
751
61
90
6367
5645
91
644
7372
87
541
8492
73
4145
8065
802
6430
46
2155
8871
9750
649
924
573
94
6121
57
9292
587
742
278
3821
649
4521
896
777
8181
459
934
70490
548
78
54
4846
6795
7180
4855
74
82
742
8630
9076
4455
8050
38060
6855
83
5754
62
962
35
490
81
733
8276
49944
41
68
8229
60756
751
936
830
5790
296
42
92
75
6967
5640
326
3885
997
55713
942
249
14
4888
330
10
197
26
4434
3216
1797
149
49
48
125
287
32484
6277
4206
19091
5077
5698
166415
49
12
100
57
4480
183
239
20
39
323
24
64
18
19
200
150
10843
26
158
7748
116
4649
2896
25129
24961
10737
109767
26689
41
226
125
130
26866
247
1838
164
3785
4058
42
210
2155
1208
4231
4807
200
128
189
44
275
1085
113
5634
40
18
20
1767
135
5739
26998
77
1443
2524
22
55
1473
33
250
38707
126
19087
4047
4275
5571
55
34
12615
132720
396
1703
214
1168
1496
447
1068
1796
842
72
395
172
4547
10543
277
209
12412
1025
453287
324
238
2482
431
362
20357
328
2778
13635
283
323
13116
780
1942
164
1140
114
348
1653
158
1243
554
1081
181
11695
410
500
182
82734
1992
2675
1109
13312
2298
194
8612
10208
537
1851
14322
5472
11859
266
321
194
635
71612
37237
311
475
12629
599
670
238
1159
3725
347
558
257
1678
55
136
10023
235
3015
358
4512
154
1966
372
4181
149
11083
3358
219
1097
175
359
289
191
205
1285
11822
21570
5064
13207
